{
 "cells": [
  {
   "cell_type": "code",
   "execution_count": 13,
   "metadata": {},
   "outputs": [],
   "source": [
    "import re\n",
    "\n",
    "def ints_in_line(s):\n",
    "    return list(map(int, re.findall(r\"\\d+\", s)))"
   ]
  },
  {
   "cell_type": "code",
   "execution_count": 78,
   "metadata": {},
   "outputs": [
    {
     "name": "stdout",
     "output_type": "stream",
     "text": [
      "[['seeds: 3139431799 50198205 3647185634 110151761 2478641666 139825503 498892555 8913570 961540761 489996751 568452082 100080382 907727477 42158689 1617552130 312026427 342640189 97088268 2049289560 336766062'], ['seed-to-soil map:', '1615836342 1401909974 23067952', '785532007 269485885 88937774', '3019002892 2773729385 10470414', '4202163101 2747292152 26437233', '3183210415 4217634159 77333137', '2847460091 3211730218 136699600', '2455891790 3791729773 70553041', '3260543552 2581343101 165949051', '3840286095 2849853212 361877006', '4228600334 2361239030 66366962', '1594559581 1077839137 21276761', '380069408 165017790 44262617', '3598718222 1894384162 241567873', '0 1424977926 190757551', '1894384162 2810496375 39356837', '424332025 606264721 196539291', '3521487829 2221977524 77230393', '742681934 69797365 36566707', '1638904294 1615735477 139190145', '1335949488 0 69797365', '779248641 802804012 6283366', '2638766896 4008940964 208693195', '250963029 1142644585 70452661', '1933740999 3470280789 321448984', '190757551 209280407 60205478', '1778094439 1099115898 43528687', '2255189983 3348429818 121850971', '1000500225 809087378 268751759', '1269251984 1754925622 66697504', '874469781 358423659 126030444', '2526444831 2135952035 86025489', '2439072067 3992121241 16819723', '3426492603 3897126015 94995226', '1405746853 1213097246 188812728', '321415690 106364072 58653718', '2984159691 3862282814 34843201', '2377040954 2299207917 62031113', '3029473306 2427605992 153737109', '2612470320 2784199799 26296576', '620871316 484454103 121810618']]\n"
     ]
    }
   ],
   "source": [
    "filename = \"day5_input.txt\"\n",
    "# filename = \"day5_example.txt\"\n",
    "\n",
    "with open(filename, \"r\") as f:\n",
    "    lines = f.read().split(\"\\n\\n\")\n",
    "lines = [[s.strip() for s in l.split(\"\\n\") if s] for l in lines]\n",
    "\n",
    "print(lines[:2])"
   ]
  },
  {
   "cell_type": "markdown",
   "metadata": {},
   "source": [
    "# Part 1"
   ]
  },
  {
   "cell_type": "code",
   "execution_count": 63,
   "metadata": {},
   "outputs": [],
   "source": [
    "seeds = ints_in_line(lines[0][0])\n",
    "lines = lines[1:]"
   ]
  },
  {
   "cell_type": "code",
   "execution_count": 64,
   "metadata": {},
   "outputs": [
    {
     "data": {
      "text/plain": [
       "[['seed-to-soil map:',\n",
       "  '1615836342 1401909974 23067952',\n",
       "  '785532007 269485885 88937774',\n",
       "  '3019002892 2773729385 10470414',\n",
       "  '4202163101 2747292152 26437233',\n",
       "  '3183210415 4217634159 77333137',\n",
       "  '2847460091 3211730218 136699600',\n",
       "  '2455891790 3791729773 70553041',\n",
       "  '3260543552 2581343101 165949051',\n",
       "  '3840286095 2849853212 361877006',\n",
       "  '4228600334 2361239030 66366962',\n",
       "  '1594559581 1077839137 21276761',\n",
       "  '380069408 165017790 44262617',\n",
       "  '3598718222 1894384162 241567873',\n",
       "  '0 1424977926 190757551',\n",
       "  '1894384162 2810496375 39356837',\n",
       "  '424332025 606264721 196539291',\n",
       "  '3521487829 2221977524 77230393',\n",
       "  '742681934 69797365 36566707',\n",
       "  '1638904294 1615735477 139190145',\n",
       "  '1335949488 0 69797365',\n",
       "  '779248641 802804012 6283366',\n",
       "  '2638766896 4008940964 208693195',\n",
       "  '250963029 1142644585 70452661',\n",
       "  '1933740999 3470280789 321448984',\n",
       "  '190757551 209280407 60205478',\n",
       "  '1778094439 1099115898 43528687',\n",
       "  '2255189983 3348429818 121850971',\n",
       "  '1000500225 809087378 268751759',\n",
       "  '1269251984 1754925622 66697504',\n",
       "  '874469781 358423659 126030444',\n",
       "  '2526444831 2135952035 86025489',\n",
       "  '2439072067 3992121241 16819723',\n",
       "  '3426492603 3897126015 94995226',\n",
       "  '1405746853 1213097246 188812728',\n",
       "  '321415690 106364072 58653718',\n",
       "  '2984159691 3862282814 34843201',\n",
       "  '2377040954 2299207917 62031113',\n",
       "  '3029473306 2427605992 153737109',\n",
       "  '2612470320 2784199799 26296576',\n",
       "  '620871316 484454103 121810618'],\n",
       " ['soil-to-fertilizer map:',\n",
       "  '4245401761 2352458099 28057201',\n",
       "  '2099789767 3998256334 14950546',\n",
       "  '3446056574 2749719529 135349925',\n",
       "  '890092371 1379309857 42097049',\n",
       "  '953714890 896502554 10335567',\n",
       "  '3115342240 2380515300 218129381',\n",
       "  '3333471621 3885671381 112584953',\n",
       "  '663999152 0 226093219',\n",
       "  '1873325002 727305635 169196919',\n",
       "  '2042521921 1328150912 51158945',\n",
       "  '3581406499 4034715214 260252082',\n",
       "  '500989478 564295961 163009674',\n",
       "  '4273458962 4013206880 21508334',\n",
       "  '3992733429 2099789767 164092891',\n",
       "  '4156826320 2263882658 88575441',\n",
       "  '3841658581 2598644681 151074848',\n",
       "  '1094703999 226093219 21270249',\n",
       "  '1708571521 399542480 164753481',\n",
       "  '964050457 247363468 130653542',\n",
       "  '1236290130 1421406906 171284482',\n",
       "  '0 1592691388 500989478',\n",
       "  '932189420 378017010 21525470',\n",
       "  '2114740313 2885069454 1000601927',\n",
       "  '1115974248 1207835030 120315882',\n",
       "  '1407574612 906838121 300996909'],\n",
       " ['fertilizer-to-water map:',\n",
       "  '3217858280 3761663130 355893932',\n",
       "  '2319366035 2401839275 72374872',\n",
       "  '1962726423 909927230 105011330',\n",
       "  '2115307878 441322644 204058157',\n",
       "  '2095064202 1824085445 20243676',\n",
       "  '110580631 329763915 34129824',\n",
       "  '2573484127 2701101998 225220022',\n",
       "  '1780224111 2342656863 59182412',\n",
       "  '1717605398 1571533532 62618713',\n",
       "  '3589165621 3062909078 75538793',\n",
       "  '842280446 1871096488 471560375',\n",
       "  '409726333 0 243114563',\n",
       "  '397401582 760576019 12324751',\n",
       "  '0 667815878 92760141',\n",
       "  '3990305711 2926322020 5981819',\n",
       "  '251664023 1741105813 32320840',\n",
       "  '2072629125 645380801 22435077',\n",
       "  '92760141 363893739 17820490',\n",
       "  '2798704149 3138447871 156185660',\n",
       "  '3664704414 2573484127 127617871',\n",
       "  '1839406523 381714229 59608415',\n",
       "  '283984863 1844329121 26767367',\n",
       "  '1313840821 1176023584 27579684',\n",
       "  '2391740907 1790738543 33346902',\n",
       "  '3929650615 4234312200 60655096',\n",
       "  '3996287530 3557602002 204061128',\n",
       "  '1402088224 772900770 137026460',\n",
       "  '1911435456 2474214147 51290967',\n",
       "  '1539114684 1393042818 178490714',\n",
       "  '3573752212 4117557062 15413409',\n",
       "  '1341420505 1014938560 60667719',\n",
       "  '3792322285 4132970471 6723091',\n",
       "  '4200348658 4139693562 80082634',\n",
       "  '652840896 1203603268 189439550',\n",
       "  '310752230 243114563 86649352',\n",
       "  '2425087809 1075606279 100417305',\n",
       "  '1899014938 1773426653 12420518',\n",
       "  '2067737753 1785847171 4891372',\n",
       "  '3799045376 2932303839 130605239',\n",
       "  '2954889809 3294633531 262968471',\n",
       "  '4280431292 4219776196 14536004',\n",
       "  '144710455 1634152245 106953568'],\n",
       " ['water-to-light map:',\n",
       "  '1071107509 759231097 26724064',\n",
       "  '1293599454 642189614 64567949',\n",
       "  '3147690498 1633749175 71376364',\n",
       "  '3487999223 4080968704 155844998',\n",
       "  '1700873635 2097781236 292450760',\n",
       "  '1146121952 1950303734 147477502',\n",
       "  '2864027062 1470573702 75076585',\n",
       "  '2507471274 3021419800 175807670',\n",
       "  '2939103647 922829268 123372939',\n",
       "  '2826742681 2551285626 37284381',\n",
       "  '719212681 1821763210 100196810',\n",
       "  '4236813702 4292227071 2740225',\n",
       "  '3643844221 3837685117 243283587',\n",
       "  '209103905 785955161 52302440',\n",
       "  '100332146 752700417 6530680',\n",
       "  '1478192138 3229160565 10342236',\n",
       "  '1358167403 3239502801 94242072',\n",
       "  '3219066862 706757563 45942854',\n",
       "  '3062476586 1358475140 29661777',\n",
       "  '819409491 2390231996 26561329',\n",
       "  '4195136152 3511184798 41677550',\n",
       "  '1488534374 1046202207 35444248',\n",
       "  '3887127808 3552862348 284822769',\n",
       "  '2188804057 1705125539 116637671',\n",
       "  '0 309410320 100332146',\n",
       "  '1117778238 1921960020 28343714',\n",
       "  '261406345 3333744873 74978759',\n",
       "  '2100705169 1545650287 88098888',\n",
       "  '3450098653 3473284228 37900570',\n",
       "  '2742067948 1273800407 84674733',\n",
       "  '2305441728 107380774 202029546',\n",
       "  '3265009716 1130086491 143713916',\n",
       "  '1993324395 0 107380774',\n",
       "  '1523978622 465294601 176895013',\n",
       "  '106862826 2588570007 102241079',\n",
       "  '2683278944 864040264 58789004',\n",
       "  '4239553927 4236813702 55413369',\n",
       "  '1097831573 1081646455 19946665',\n",
       "  '524293914 1101593120 28493371',\n",
       "  '336385104 2833510990 187908810',\n",
       "  '552787285 3197227470 31933095',\n",
       "  '845970820 2690811086 142699904',\n",
       "  '988670724 1388136917 82436785',\n",
       "  '1452409475 838257601 25782663',\n",
       "  '3092138363 409742466 55552135',\n",
       "  '584720380 2416793325 134492301',\n",
       "  '4171950577 3450098653 23185575'],\n",
       " ['light-to-temperature map:',\n",
       "  '2906633798 3843376160 451591136',\n",
       "  '1332454428 1190958320 69004583',\n",
       "  '1837712164 0 353313230',\n",
       "  '494809338 353313230 376619264',\n",
       "  '871428602 729932494 461025826',\n",
       "  '1401459011 1754772241 373416033',\n",
       "  '3976747173 3375456648 91164221',\n",
       "  '3495346659 3466620869 376755291',\n",
       "  '0 1259962903 494809338',\n",
       "  '2608238358 2459541635 298395440',\n",
       "  '3907558614 2984992977 69188559',\n",
       "  '3872101950 2286963246 35456664',\n",
       "  '4067911394 2757937075 227055902',\n",
       "  '3358224934 2322419910 137121725',\n",
       "  '2286963246 3054181536 321275112',\n",
       "  '1774875044 2128188274 62837120'],\n",
       " ['temperature-to-humidity map:',\n",
       "  '3966168141 3406025946 214996780',\n",
       "  '4181164921 3292223571 113802375',\n",
       "  '1493139015 1471031672 367564898',\n",
       "  '1423475871 1838596570 69663144',\n",
       "  '0 479293006 226560784',\n",
       "  '2500785470 2859072453 433151118',\n",
       "  '3197453551 2500785470 96923792',\n",
       "  '758446483 1237739489 233292183',\n",
       "  '991738666 0 278789291',\n",
       "  '3555740534 3884539689 410427607',\n",
       "  '3294377343 2597709262 261363191',\n",
       "  '226560784 705853790 531885699',\n",
       "  '1860703913 305742584 20602508',\n",
       "  '2933936588 3621022726 263516963',\n",
       "  '1881306421 278789291 26953293',\n",
       "  '1270527957 326345092 152947914'],\n",
       " ['humidity-to-location map:',\n",
       "  '848612454 2250862530 61410922',\n",
       "  '910023376 3689675651 35197452',\n",
       "  '3724873103 3865027106 240221283',\n",
       "  '483883727 3324946924 364728727',\n",
       "  '0 1766978803 483883727',\n",
       "  '1957894300 561533 922927950',\n",
       "  '945220828 2590144784 734802140',\n",
       "  '2880822250 0 561533',\n",
       "  '3447014853 1489120553 277858250',\n",
       "  '2881383783 923489483 565631070',\n",
       "  '3965094386 3724873103 140154003',\n",
       "  '1680022968 2312273452 277871332']]"
      ]
     },
     "execution_count": 64,
     "metadata": {},
     "output_type": "execute_result"
    }
   ],
   "source": [
    "lines"
   ]
  },
  {
   "cell_type": "code",
   "execution_count": 65,
   "metadata": {},
   "outputs": [],
   "source": [
    "def parse_map(ary):\n",
    "    source, target = re.findall(\"(\\w+)-to-(\\w+) map:\", ary[0])[0]\n",
    "    triples = [ints_in_line(a) for a in ary[1:]]\n",
    "    return (source, target, triples)\n",
    "\n",
    "almanac = dict()\n",
    "for line in lines:\n",
    "    source, target, ranges = parse_map(line)\n",
    "    d = dict()\n",
    "    d['target'] = target\n",
    "    d['ranges'] = [(s_start, t_start, span) for t_start, s_start, span in ranges]\n",
    "    # for target_start, source_start, span in ranges:\n",
    "    #     for i in range(span):\n",
    "    #         d[source_start+i] = target_start+i\n",
    "    almanac[source] = d"
   ]
  },
  {
   "cell_type": "code",
   "execution_count": 66,
   "metadata": {},
   "outputs": [
    {
     "data": {
      "text/plain": [
       "{'seed': {'target': 'soil',\n",
       "  'ranges': [(1401909974, 1615836342, 23067952),\n",
       "   (269485885, 785532007, 88937774),\n",
       "   (2773729385, 3019002892, 10470414),\n",
       "   (2747292152, 4202163101, 26437233),\n",
       "   (4217634159, 3183210415, 77333137),\n",
       "   (3211730218, 2847460091, 136699600),\n",
       "   (3791729773, 2455891790, 70553041),\n",
       "   (2581343101, 3260543552, 165949051),\n",
       "   (2849853212, 3840286095, 361877006),\n",
       "   (2361239030, 4228600334, 66366962),\n",
       "   (1077839137, 1594559581, 21276761),\n",
       "   (165017790, 380069408, 44262617),\n",
       "   (1894384162, 3598718222, 241567873),\n",
       "   (1424977926, 0, 190757551),\n",
       "   (2810496375, 1894384162, 39356837),\n",
       "   (606264721, 424332025, 196539291),\n",
       "   (2221977524, 3521487829, 77230393),\n",
       "   (69797365, 742681934, 36566707),\n",
       "   (1615735477, 1638904294, 139190145),\n",
       "   (0, 1335949488, 69797365),\n",
       "   (802804012, 779248641, 6283366),\n",
       "   (4008940964, 2638766896, 208693195),\n",
       "   (1142644585, 250963029, 70452661),\n",
       "   (3470280789, 1933740999, 321448984),\n",
       "   (209280407, 190757551, 60205478),\n",
       "   (1099115898, 1778094439, 43528687),\n",
       "   (3348429818, 2255189983, 121850971),\n",
       "   (809087378, 1000500225, 268751759),\n",
       "   (1754925622, 1269251984, 66697504),\n",
       "   (358423659, 874469781, 126030444),\n",
       "   (2135952035, 2526444831, 86025489),\n",
       "   (3992121241, 2439072067, 16819723),\n",
       "   (3897126015, 3426492603, 94995226),\n",
       "   (1213097246, 1405746853, 188812728),\n",
       "   (106364072, 321415690, 58653718),\n",
       "   (3862282814, 2984159691, 34843201),\n",
       "   (2299207917, 2377040954, 62031113),\n",
       "   (2427605992, 3029473306, 153737109),\n",
       "   (2784199799, 2612470320, 26296576),\n",
       "   (484454103, 620871316, 121810618)]},\n",
       " 'soil': {'target': 'fertilizer',\n",
       "  'ranges': [(2352458099, 4245401761, 28057201),\n",
       "   (3998256334, 2099789767, 14950546),\n",
       "   (2749719529, 3446056574, 135349925),\n",
       "   (1379309857, 890092371, 42097049),\n",
       "   (896502554, 953714890, 10335567),\n",
       "   (2380515300, 3115342240, 218129381),\n",
       "   (3885671381, 3333471621, 112584953),\n",
       "   (0, 663999152, 226093219),\n",
       "   (727305635, 1873325002, 169196919),\n",
       "   (1328150912, 2042521921, 51158945),\n",
       "   (4034715214, 3581406499, 260252082),\n",
       "   (564295961, 500989478, 163009674),\n",
       "   (4013206880, 4273458962, 21508334),\n",
       "   (2099789767, 3992733429, 164092891),\n",
       "   (2263882658, 4156826320, 88575441),\n",
       "   (2598644681, 3841658581, 151074848),\n",
       "   (226093219, 1094703999, 21270249),\n",
       "   (399542480, 1708571521, 164753481),\n",
       "   (247363468, 964050457, 130653542),\n",
       "   (1421406906, 1236290130, 171284482),\n",
       "   (1592691388, 0, 500989478),\n",
       "   (378017010, 932189420, 21525470),\n",
       "   (2885069454, 2114740313, 1000601927),\n",
       "   (1207835030, 1115974248, 120315882),\n",
       "   (906838121, 1407574612, 300996909)]},\n",
       " 'fertilizer': {'target': 'water',\n",
       "  'ranges': [(3761663130, 3217858280, 355893932),\n",
       "   (2401839275, 2319366035, 72374872),\n",
       "   (909927230, 1962726423, 105011330),\n",
       "   (441322644, 2115307878, 204058157),\n",
       "   (1824085445, 2095064202, 20243676),\n",
       "   (329763915, 110580631, 34129824),\n",
       "   (2701101998, 2573484127, 225220022),\n",
       "   (2342656863, 1780224111, 59182412),\n",
       "   (1571533532, 1717605398, 62618713),\n",
       "   (3062909078, 3589165621, 75538793),\n",
       "   (1871096488, 842280446, 471560375),\n",
       "   (0, 409726333, 243114563),\n",
       "   (760576019, 397401582, 12324751),\n",
       "   (667815878, 0, 92760141),\n",
       "   (2926322020, 3990305711, 5981819),\n",
       "   (1741105813, 251664023, 32320840),\n",
       "   (645380801, 2072629125, 22435077),\n",
       "   (363893739, 92760141, 17820490),\n",
       "   (3138447871, 2798704149, 156185660),\n",
       "   (2573484127, 3664704414, 127617871),\n",
       "   (381714229, 1839406523, 59608415),\n",
       "   (1844329121, 283984863, 26767367),\n",
       "   (1176023584, 1313840821, 27579684),\n",
       "   (1790738543, 2391740907, 33346902),\n",
       "   (4234312200, 3929650615, 60655096),\n",
       "   (3557602002, 3996287530, 204061128),\n",
       "   (772900770, 1402088224, 137026460),\n",
       "   (2474214147, 1911435456, 51290967),\n",
       "   (1393042818, 1539114684, 178490714),\n",
       "   (4117557062, 3573752212, 15413409),\n",
       "   (1014938560, 1341420505, 60667719),\n",
       "   (4132970471, 3792322285, 6723091),\n",
       "   (4139693562, 4200348658, 80082634),\n",
       "   (1203603268, 652840896, 189439550),\n",
       "   (243114563, 310752230, 86649352),\n",
       "   (1075606279, 2425087809, 100417305),\n",
       "   (1773426653, 1899014938, 12420518),\n",
       "   (1785847171, 2067737753, 4891372),\n",
       "   (2932303839, 3799045376, 130605239),\n",
       "   (3294633531, 2954889809, 262968471),\n",
       "   (4219776196, 4280431292, 14536004),\n",
       "   (1634152245, 144710455, 106953568)]},\n",
       " 'water': {'target': 'light',\n",
       "  'ranges': [(759231097, 1071107509, 26724064),\n",
       "   (642189614, 1293599454, 64567949),\n",
       "   (1633749175, 3147690498, 71376364),\n",
       "   (4080968704, 3487999223, 155844998),\n",
       "   (2097781236, 1700873635, 292450760),\n",
       "   (1950303734, 1146121952, 147477502),\n",
       "   (1470573702, 2864027062, 75076585),\n",
       "   (3021419800, 2507471274, 175807670),\n",
       "   (922829268, 2939103647, 123372939),\n",
       "   (2551285626, 2826742681, 37284381),\n",
       "   (1821763210, 719212681, 100196810),\n",
       "   (4292227071, 4236813702, 2740225),\n",
       "   (3837685117, 3643844221, 243283587),\n",
       "   (785955161, 209103905, 52302440),\n",
       "   (752700417, 100332146, 6530680),\n",
       "   (3229160565, 1478192138, 10342236),\n",
       "   (3239502801, 1358167403, 94242072),\n",
       "   (706757563, 3219066862, 45942854),\n",
       "   (1358475140, 3062476586, 29661777),\n",
       "   (2390231996, 819409491, 26561329),\n",
       "   (3511184798, 4195136152, 41677550),\n",
       "   (1046202207, 1488534374, 35444248),\n",
       "   (3552862348, 3887127808, 284822769),\n",
       "   (1705125539, 2188804057, 116637671),\n",
       "   (309410320, 0, 100332146),\n",
       "   (1921960020, 1117778238, 28343714),\n",
       "   (3333744873, 261406345, 74978759),\n",
       "   (1545650287, 2100705169, 88098888),\n",
       "   (3473284228, 3450098653, 37900570),\n",
       "   (1273800407, 2742067948, 84674733),\n",
       "   (107380774, 2305441728, 202029546),\n",
       "   (1130086491, 3265009716, 143713916),\n",
       "   (0, 1993324395, 107380774),\n",
       "   (465294601, 1523978622, 176895013),\n",
       "   (2588570007, 106862826, 102241079),\n",
       "   (864040264, 2683278944, 58789004),\n",
       "   (4236813702, 4239553927, 55413369),\n",
       "   (1081646455, 1097831573, 19946665),\n",
       "   (1101593120, 524293914, 28493371),\n",
       "   (2833510990, 336385104, 187908810),\n",
       "   (3197227470, 552787285, 31933095),\n",
       "   (2690811086, 845970820, 142699904),\n",
       "   (1388136917, 988670724, 82436785),\n",
       "   (838257601, 1452409475, 25782663),\n",
       "   (409742466, 3092138363, 55552135),\n",
       "   (2416793325, 584720380, 134492301),\n",
       "   (3450098653, 4171950577, 23185575)]},\n",
       " 'light': {'target': 'temperature',\n",
       "  'ranges': [(3843376160, 2906633798, 451591136),\n",
       "   (1190958320, 1332454428, 69004583),\n",
       "   (0, 1837712164, 353313230),\n",
       "   (353313230, 494809338, 376619264),\n",
       "   (729932494, 871428602, 461025826),\n",
       "   (1754772241, 1401459011, 373416033),\n",
       "   (3375456648, 3976747173, 91164221),\n",
       "   (3466620869, 3495346659, 376755291),\n",
       "   (1259962903, 0, 494809338),\n",
       "   (2459541635, 2608238358, 298395440),\n",
       "   (2984992977, 3907558614, 69188559),\n",
       "   (2286963246, 3872101950, 35456664),\n",
       "   (2757937075, 4067911394, 227055902),\n",
       "   (2322419910, 3358224934, 137121725),\n",
       "   (3054181536, 2286963246, 321275112),\n",
       "   (2128188274, 1774875044, 62837120)]},\n",
       " 'temperature': {'target': 'humidity',\n",
       "  'ranges': [(3406025946, 3966168141, 214996780),\n",
       "   (3292223571, 4181164921, 113802375),\n",
       "   (1471031672, 1493139015, 367564898),\n",
       "   (1838596570, 1423475871, 69663144),\n",
       "   (479293006, 0, 226560784),\n",
       "   (2859072453, 2500785470, 433151118),\n",
       "   (2500785470, 3197453551, 96923792),\n",
       "   (1237739489, 758446483, 233292183),\n",
       "   (0, 991738666, 278789291),\n",
       "   (3884539689, 3555740534, 410427607),\n",
       "   (2597709262, 3294377343, 261363191),\n",
       "   (705853790, 226560784, 531885699),\n",
       "   (305742584, 1860703913, 20602508),\n",
       "   (3621022726, 2933936588, 263516963),\n",
       "   (278789291, 1881306421, 26953293),\n",
       "   (326345092, 1270527957, 152947914)]},\n",
       " 'humidity': {'target': 'location',\n",
       "  'ranges': [(2250862530, 848612454, 61410922),\n",
       "   (3689675651, 910023376, 35197452),\n",
       "   (3865027106, 3724873103, 240221283),\n",
       "   (3324946924, 483883727, 364728727),\n",
       "   (1766978803, 0, 483883727),\n",
       "   (561533, 1957894300, 922927950),\n",
       "   (2590144784, 945220828, 734802140),\n",
       "   (0, 2880822250, 561533),\n",
       "   (1489120553, 3447014853, 277858250),\n",
       "   (923489483, 2881383783, 565631070),\n",
       "   (3724873103, 3965094386, 140154003),\n",
       "   (2312273452, 1680022968, 277871332)]}}"
      ]
     },
     "execution_count": 66,
     "metadata": {},
     "output_type": "execute_result"
    }
   ],
   "source": [
    "almanac"
   ]
  },
  {
   "cell_type": "code",
   "execution_count": 67,
   "metadata": {},
   "outputs": [],
   "source": [
    "def get_target_location(source_value, ranges):\n",
    "    for s_start, t_start, span in ranges:\n",
    "        if s_start <= source_value < s_start + span:\n",
    "            return t_start + (source_value-s_start)\n",
    "    return source_value"
   ]
  },
  {
   "cell_type": "code",
   "execution_count": 68,
   "metadata": {},
   "outputs": [
    {
     "name": "stdout",
     "output_type": "stream",
     "text": [
      "462648396\n"
     ]
    }
   ],
   "source": [
    "locations = []\n",
    "for seed in seeds:\n",
    "    current_value = seed\n",
    "    current_type = 'seed'\n",
    "    while current_type != 'location':\n",
    "        current_value = get_target_location(current_value, almanac[current_type]['ranges'])\n",
    "        current_type = almanac[current_type]['target']\n",
    "    locations.append(current_value)\n",
    "print(min(locations))"
   ]
  },
  {
   "cell_type": "code",
   "execution_count": 69,
   "metadata": {},
   "outputs": [],
   "source": [
    "# for seed in seeds:\n",
    "#     current_value = seed\n",
    "#     current_type = 'seed'\n",
    "#     while current_type != 'location':\n",
    "#         current_value = almanac[current_type].get(current_value, current_value)\n",
    "#         current_type = almanac[current_type]['target']\n",
    "#     # print(current_value, current_type)\n",
    "    "
   ]
  },
  {
   "cell_type": "markdown",
   "metadata": {},
   "source": [
    "# Part 2"
   ]
  },
  {
   "cell_type": "code",
   "execution_count": null,
   "metadata": {},
   "outputs": [],
   "source": []
  },
  {
   "cell_type": "code",
   "execution_count": 70,
   "metadata": {},
   "outputs": [],
   "source": [
    "seed_pairs = []\n",
    "temp_seeds = [s for s in seeds]\n",
    "while temp_seeds:\n",
    "    a,b = temp_seeds[:2]\n",
    "    seed_pairs.append((a,b))\n",
    "    temp_seeds = temp_seeds[2:]"
   ]
  },
  {
   "cell_type": "code",
   "execution_count": 71,
   "metadata": {},
   "outputs": [
    {
     "data": {
      "text/plain": [
       "[(3139431799, 50198205),\n",
       " (3647185634, 110151761),\n",
       " (2478641666, 139825503),\n",
       " (498892555, 8913570),\n",
       " (961540761, 489996751),\n",
       " (568452082, 100080382),\n",
       " (907727477, 42158689),\n",
       " (1617552130, 312026427),\n",
       " (342640189, 97088268),\n",
       " (2049289560, 336766062)]"
      ]
     },
     "execution_count": 71,
     "metadata": {},
     "output_type": "execute_result"
    }
   ],
   "source": [
    "seed_pairs"
   ]
  },
  {
   "cell_type": "code",
   "execution_count": 72,
   "metadata": {},
   "outputs": [],
   "source": [
    "# lotta_seeds = []\n",
    "# for (seed_start, span) in seed_pairs:\n",
    "#     for i in range(span):\n",
    "#         lotta_seeds.append(seed_start+i)\n",
    "# print(len(lotta_seeds))\n"
   ]
  },
  {
   "cell_type": "code",
   "execution_count": 73,
   "metadata": {},
   "outputs": [],
   "source": [
    "def get_target_location_ranges(source_start, source_span, ranges):\n",
    "    lower_ranges = [r for r in ranges if r[0] <= source_start]\n",
    "    if lower_ranges:\n",
    "        max_lower_range = max(lower_ranges, key=lambda r: r[0])\n",
    "        upper_end_of_range = max_lower_range[0] + max_lower_range[2]\n",
    "    else:\n",
    "        upper_end_of_range = 0\n",
    "\n",
    "    if upper_end_of_range > source_start:\n",
    "        if source_start+source_span <= upper_end_of_range:\n",
    "            return [(source_start+max_lower_range[1]-max_lower_range[0], source_span)]\n",
    "        else:\n",
    "            return ([(source_start+max_lower_range[1]-max_lower_range[0], upper_end_of_range-source_start)]\n",
    "                    + get_target_location_ranges(upper_end_of_range, source_span-(upper_end_of_range-source_start), ranges))\n",
    "\n",
    "    upper_ranges = [r for r in ranges if r[0] >= source_start]\n",
    "    if upper_ranges:\n",
    "        min_upper_range = min(upper_ranges, key=lambda r: r[0])\n",
    "        upper_end_of_range = min_upper_range[0] + min_upper_range[2]\n",
    "    else:\n",
    "        return [(source_start, source_span)]\n",
    "    if min_upper_range[0] <= source_start + source_span:\n",
    "        if source_start+source_span < upper_end_of_range:\n",
    "            return [(source_start, min_upper_range[0]-source_start)] + [(min_upper_range[1], source_span-(min_upper_range[0]-source_start))]\n",
    "        else:\n",
    "            return [(source_start, min_upper_range[0]-source_start)] + [(min_upper_range[1], source_span-(min_upper_range[0]-source_start))] + get_target_location_ranges(upper_end_of_range, source_span-(upper_end_of_range-source_start), ranges)\n",
    "\n",
    "    return [(source_start, source_span)]\n"
   ]
  },
  {
   "cell_type": "code",
   "execution_count": 74,
   "metadata": {},
   "outputs": [],
   "source": [
    "current_ranges = seed_pairs\n",
    "current_type = 'seed'\n",
    "while current_type != 'location':\n",
    "    new_ranges = []\n",
    "    for source_start, source_span in current_ranges:\n",
    "        new_ranges.extend(get_target_location_ranges(source_start, source_span, almanac[current_type]['ranges']))\n",
    "    current_type = almanac[current_type]['target']\n",
    "    current_ranges = new_ranges"
   ]
  },
  {
   "cell_type": "code",
   "execution_count": 75,
   "metadata": {},
   "outputs": [
    {
     "data": {
      "text/plain": [
       "2520479"
      ]
     },
     "execution_count": 75,
     "metadata": {},
     "output_type": "execute_result"
    }
   ],
   "source": [
    "min([st for st, _ in current_ranges])"
   ]
  },
  {
   "cell_type": "code",
   "execution_count": 76,
   "metadata": {},
   "outputs": [
    {
     "data": {
      "text/plain": [
       "1687205618"
      ]
     },
     "execution_count": 76,
     "metadata": {},
     "output_type": "execute_result"
    }
   ],
   "source": [
    "sum([sp for _, sp in current_ranges])\n"
   ]
  },
  {
   "cell_type": "code",
   "execution_count": null,
   "metadata": {},
   "outputs": [],
   "source": []
  }
 ],
 "metadata": {
  "interpreter": {
   "hash": "31f2aee4e71d21fbe5cf8b01ff0e069b9275f58929596ceb00d14d90e3e16cd6"
  },
  "kernelspec": {
   "display_name": "Python 3.8.9 64-bit",
   "language": "python",
   "name": "python3"
  },
  "language_info": {
   "codemirror_mode": {
    "name": "ipython",
    "version": 3
   },
   "file_extension": ".py",
   "mimetype": "text/x-python",
   "name": "python",
   "nbconvert_exporter": "python",
   "pygments_lexer": "ipython3",
   "version": "3.10.12"
  },
  "orig_nbformat": 4
 },
 "nbformat": 4,
 "nbformat_minor": 2
}
